50
10000000000 998244353
10000000000 998244353
10000000000 998244353
10000000000 998244353
10000000000 998244353
1000000000 998244353
1000000000 998244353
1000000000 998244353
1000000000 998244353
1000000000 998244353
1000000000 998244353
1000000000 998244353
1000000000 998244353
1000000000 998244353
1000000000 998244353
1000000000 998244353
1000000000 998244353
1000000000 998244353
1000000000 998244353
1000000000 998244353
1000000000 998244353
1000000000 998244353
1000000000 998244353
1000000000 998244353
1000000000 998244353
1000000000 998244353
1000000000 998244353
1000000000 998244353
1000000000 998244353
1000000000 998244353
1000000000 998244353
1000000000 998244353
1000000000 998244353
1000000000 998244353
1000000000 998244353
1000000000 998244353
1000000000 998244353
1000000000 998244353
1000000000 998244353
1000000000 998244353
1000000000 998244353
1000000000 998244353
1000000000 998244353
1000000000 998244353
1000000000 998244353
1000000000 998244353
1000000000 998244353
1000000000 998244353
1000000000 998244353
1000000000 998244353